0.359500
0.563270
0.452663
0.239504
0.468027
0.562988
0.977948
0.689566
0.030196
0.461965
0.423917
0.427606
0.302625
0.677061
0.174885
0.941831
0.425195
0.702030
0.981168
0.580468
0.181080
0.101811
0.700015
0.097347
0.159953
0.535340
0.785335
0.318606
0.920230
0.318090
0.506778
0.629500
0.765021
0.809831
0.273064
0.195384
0.533756
0.613173
0.088571
0.963982
0.269833
0.832395
0.462268
0.143128
0.146669
0.477614
0.721139
0.585419
0.438645
0.232349
0.785549
0.165854
0.724928
0.553076
0.489548
0.062024
0.016380
0.814548
0.045420
0.861148
0.418894
0.845536
0.445877
0.626193
