334.234009
338.281677
323.352905
329.521332
334.052216
324.790924
333.052307
331.131165
338.766357
327.371552
336.102600
324.520447
334.694733
339.145691
324.602600
330.222198
330.687683
330.102020
337.557159
338.830688
328.983917
322.869141
323.180573
335.827515
334.604218
331.186249
331.677399
339.258911
321.759216
339.913330
321.902313
325.198425
338.639465
326.630615
334.923767
327.805969
329.082886
325.943909
324.675415
334.210419
324.970490
329.986450
321.103363
323.020020
327.649963
329.224365
333.068939
322.142303
329.723206
327.904999
334.234192
328.554657
326.386108
335.580536
336.269989
330.341156
335.187592
337.888367
329.572968
339.153534
323.841797
326.775238
322.800659
328.619110
